    mnormiert       etaasm370      etaasm4k      etaasm11k
   0.0000000e+00   0.0000000e+00   0.0000000e+00   0.0000000e+00
   2.0000000e-02   7.7446413e+00   3.4303552e+01   4.0809328e+01
   4.0000000e-02   1.4358771e+01   5.1015906e+01   5.7903488e+01
   6.0000000e-02   2.0058222e+01   6.0864201e+01   6.7264140e+01
   8.0000000e-02   2.5007459e+01   6.7327264e+01   7.3147053e+01
   1.0000000e-01   2.9333992e+01   7.1872979e+01   7.7169473e+01
   1.2000000e-01   3.3138199e+01   7.5227855e+01   8.0080531e+01
   1.4000000e-01   3.6500175e+01   7.7792604e+01   8.2274811e+01
   1.6000000e-01   3.9484600e+01   7.9806355e+01   8.3979909e+01
   1.8000000e-01   4.2144274e+01   8.1420643e+01   8.5336317e+01
   2.0000000e-01   4.4522723e+01   8.2736148e+01   8.6435453e+01
   2.2000000e-01   4.6656145e+01   8.3822381e+01   8.7339370e+01
   2.4000000e-01   4.8574885e+01   8.4728876e+01   8.8091665e+01
   2.6000000e-01   5.0304574e+01   8.5491886e+01   8.8723872e+01
   2.8000000e-01   5.1867002e+01   8.6138555e+01   8.9259357e+01
   3.0000000e-01   5.3280814e+01   8.6689608e+01   8.9715809e+01
   3.2000000e-01   5.4562055e+01   8.7161146e+01   9.0106860e+01
   3.4000000e-01   5.5724603e+01   8.7565863e+01   9.0443187e+01
   3.6000000e-01   5.6780525e+01   8.7913903e+01   9.0733271e+01
   3.8000000e-01   5.7740360e+01   8.8213472e+01   9.0983934e+01
   4.0000000e-01   5.8613353e+01   8.8471276e+01   9.1200727e+01
   4.2000000e-01   5.9407645e+01   8.8692852e+01   9.1388211e+01
   4.4000000e-01   6.0130432e+01   8.8882809e+01   9.1550169e+01
   4.6000000e-01   6.0788101e+01   8.9045017e+01   9.1689764e+01
   4.8000000e-01   6.1386333e+01   8.9182748e+01   9.1809663e+01
   5.0000000e-01   6.1930204e+01   8.9298786e+01   9.1912130e+01
   5.2000000e-01   6.2424257e+01   8.9395519e+01   9.1999098e+01
   5.4000000e-01   6.2872573e+01   8.9475001e+01   9.2072227e+01
   5.6000000e-01   6.3278828e+01   8.9539013e+01   9.2132954e+01
   5.8000000e-01   6.3646337e+01   8.9589105e+01   9.2182526e+01
   6.0000000e-01   6.3978101e+01   8.9626632e+01   9.2222031e+01
   6.2000000e-01   6.4276842e+01   8.9652784e+01   9.2252423e+01
   6.4000000e-01   6.4545033e+01   8.9668611e+01   9.2274541e+01
   6.6000000e-01   6.4784926e+01   8.9675042e+01   9.2289128e+01
   6.8000000e-01   6.4998576e+01   8.9672902e+01   9.2296842e+01
   7.0000000e-01   6.5187861e+01   8.9662928e+01   9.2298269e+01
   7.2000000e-01   6.5354501e+01   8.9645776e+01   9.2293933e+01
   7.4000000e-01   6.5500073e+01   8.9622037e+01   9.2284302e+01
   7.6000000e-01   6.5626027e+01   8.9592241e+01   9.2269798e+01
   7.8000000e-01   6.5733697e+01   8.9556868e+01   9.2250799e+01
   8.0000000e-01   6.5824310e+01   8.9516349e+01   9.2227650e+01
   8.2000000e-01   6.5899000e+01   8.9471077e+01   9.2200659e+01
   8.4000000e-01   6.5958817e+01   8.9421408e+01   9.2170110e+01
   8.6000000e-01   6.6004728e+01   8.9367666e+01   9.2136257e+01
   8.8000000e-01   6.6037632e+01   8.9310148e+01   9.2099336e+01
   9.0000000e-01   6.6058361e+01   8.9249123e+01   9.2059558e+01
   9.2000000e-01   6.6067689e+01   8.9184840e+01   9.2017121e+01
   9.4000000e-01   6.6066334e+01   8.9117524e+01   9.1972202e+01
   9.6000000e-01   6.6054966e+01   8.9047387e+01   9.1924968e+01
   9.8000000e-01   6.6034207e+01   8.8974619e+01   9.1875568e+01
   1.0000000e+00   6.6004638e+01   8.8899398e+01   9.1824143e+01
   1.0200000e+00   6.5966801e+01   8.8821888e+01   9.1770822e+01
   1.0400000e+00   6.5921202e+01   8.8742239e+01   9.1715725e+01
   1.0600000e+00   6.5868315e+01   8.8660594e+01   9.1658960e+01
   1.0800000e+00   6.5808583e+01   8.8577081e+01   9.1600632e+01
   1.1000000e+00   6.5742419e+01   8.8491821e+01   9.1540836e+01
   1.1200000e+00   6.5670213e+01   8.8404927e+01   9.1479658e+01
   1.1400000e+00   6.5592329e+01   8.8316504e+01   9.1417183e+01
   1.1600000e+00   6.5509110e+01   8.8226648e+01   9.1353486e+01
   1.1800000e+00   6.5420876e+01   8.8135450e+01   9.1288640e+01
   1.2000000e+00   6.5327929e+01   8.8042997e+01   9.1222711e+01
   1.2200000e+00   6.5230553e+01   8.7949366e+01   9.1155762e+01
   1.2400000e+00   6.5129015e+01   8.7854632e+01   9.1087851e+01
   1.2600000e+00   6.5023567e+01   8.7758865e+01   9.1019034e+01
   1.2800000e+00   6.4914445e+01   8.7662131e+01   9.0949361e+01
   1.3000000e+00   6.4801874e+01   8.7564490e+01   9.0878882e+01
   1.3200000e+00   6.4686062e+01   8.7466000e+01   9.0807641e+01
   1.3400000e+00   6.4567210e+01   8.7366714e+01   9.0735682e+01
   1.3600000e+00   6.4445505e+01   8.7266685e+01   9.0663044e+01
   1.3800000e+00   6.4321123e+01   8.7165960e+01   9.0589766e+01
   1.4000000e+00   6.4194233e+01   8.7064584e+01   9.0515883e+01
   1.4200000e+00   6.4064992e+01   8.6962599e+01   9.0441429e+01
   1.4400000e+00   6.3933550e+01   8.6860046e+01   9.0366436e+01
   1.4600000e+00   6.3800049e+01   8.6756963e+01   9.0290935e+01
   1.4800000e+00   6.3664623e+01   8.6653385e+01   9.0214952e+01
   1.5000000e+00   6.3527398e+01   8.6549347e+01   9.0138517e+01
   1.5200000e+00   6.3388495e+01   8.6444880e+01   9.0061653e+01
   1.5400000e+00   6.3248027e+01   8.6340016e+01   8.9984386e+01
   1.5600000e+00   6.3106103e+01   8.6234782e+01   8.9906737e+01
   1.5800000e+00   6.2962825e+01   8.6129206e+01   8.9828730e+01
   1.6000000e+00   6.2818290e+01   8.6023313e+01   8.9750384e+01
   1.6200000e+00   6.2672589e+01   8.5917129e+01   8.9671720e+01
   1.6400000e+00   6.2525811e+01   8.5810676e+01   8.9592755e+01
   1.6600000e+00   6.2378038e+01   8.5703977e+01   8.9513509e+01
   1.6800000e+00   6.2229348e+01   8.5597053e+01   8.9433996e+01
   1.7000000e+00   6.2079817e+01   8.5489923e+01   8.9354235e+01
   1.7200000e+00   6.1929516e+01   8.5382606e+01   8.9274239e+01
   1.7400000e+00   6.1778512e+01   8.5275121e+01   8.9194024e+01
   1.7600000e+00   6.1626868e+01   8.5167485e+01   8.9113603e+01
   1.7800000e+00   6.1474646e+01   8.5059714e+01   8.9032990e+01
   1.8000000e+00   6.1321905e+01   8.4951823e+01   8.8952198e+01
   1.8200000e+00   6.1168697e+01   8.4843828e+01   8.8871238e+01
   1.8400000e+00   6.1015077e+01   8.4735742e+01   8.8790121e+01
   1.8600000e+00   6.0861094e+01   8.4627580e+01   8.8708860e+01
   1.8800000e+00   6.0706795e+01   8.4519353e+01   8.8627464e+01
   1.9000000e+00   6.0552224e+01   8.4411074e+01   8.8545944e+01
   1.9200000e+00   6.0397426e+01   8.4302755e+01   8.8464309e+01
   1.9400000e+00   6.0242440e+01   8.4194407e+01   8.8382569e+01
   1.9600000e+00   6.0087305e+01   8.4086041e+01   8.8300732e+01
   1.9800000e+00   5.9932059e+01   8.3977667e+01   8.8218806e+01
   2.0000000e+00   5.9776735e+01   8.3869294e+01   8.8136801e+01
