0.0000000000  0.0000000000 
0.1000000000  0.0000000000 
0.2000000000  0.0000000000 
0.3000000000  0.0000000000 
0.4000000000  0.0000000000 
0.5000000000  0.0000000000 
0.5000000000  0.0000000000 
0.5000000000  0.0000000000 
0.6000000000  0.6572189026 
0.7000000000  1.0984694623 
0.8000000000  1.3947209176 
0.9000000000  1.5936213448 
1.0000000000  1.7271612117 
1.1000000000  1.8168186162 
1.2000000000  1.8770137502 
1.3000000000  1.9174281943 
1.4000000000  1.9445620701 
1.5000000000  1.9627794978 
1.6000000000  1.9750105066 
1.7000000000  1.9832222903 
1.8000000000  1.9887356043 
1.9000000000  1.9924371912 
2.0000000000  1.9949224016 
2.1000000000  1.9965909485 
2.2000000000  1.9977111950 
2.3000000000  1.9984633180 
2.4000000000  1.9989682862 
2.5000000000  1.9993073171 
2.6000000000  1.9995349393 
2.7000000000  1.9996877626 
2.8000000000  1.9997903668 
2.9000000000  1.9998592542 
3.0000000000  1.9999055046 
3.1000000000  1.9999365567 
3.2000000000  1.9999574048 
3.3000000000  1.9999714020 
3.4000000000  1.9999807995 
3.5000000000  1.9999871090 
3.6000000000  1.9999913451 
3.7000000000  1.9999941892 
3.8000000000  1.9999960987 
3.9000000000  1.9999973807 
4.0000000000  1.9999982414 
4.1000000000  1.9999988193 
4.2000000000  1.9999992073 
4.3000000000  1.9999994678 
4.4000000000  1.9999996427 
4.5000000000  1.9999997601 
4.6000000000  1.9999998389 
4.7000000000  1.9999998919 
4.8000000000  1.9999999274 
4.9000000000  1.9999999513 
5.0000000000  1.9999999673
