0.0000000000  0.0000000000 
0.0100000000  0.0000000000 
0.0200000000  0.0000000000 
0.0300000000  0.0000000000 
0.0400000000  0.0000000000 
0.0500000000  0.0000000000 
0.0600000000  0.0000000000 
0.0700000000  0.0000000000 
0.0800000000  0.0000000000 
0.0900000000  0.0000000000 
0.1000000000  0.0000000000 
0.1100000000  0.0000000000 
0.1200000000  0.0000000000 
0.1300000000  0.0000000000 
0.1400000000  0.0000000000 
0.1500000000  0.0000000000 
0.1600000000  0.0000000000 
0.1700000000  0.0000000000 
0.1800000000  0.0000000000 
0.1900000000  0.0000000000 
0.2000000000  0.0000000000 
0.2100000000  0.0000000000 
0.2200000000  0.0000000000 
0.2300000000  0.0000000000 
0.2400000000  0.0000000000 
0.2500000000  0.0000000000 
0.2600000000  0.0000000000 
0.2700000000  0.0000000000 
0.2800000000  0.0000000000 
0.2900000000  0.0000000000 
0.3000000000  0.0000000000 
0.3100000000  0.0000000000 
0.3200000000  0.0000000000 
0.3300000000  0.0000000000 
0.3400000000  0.0000000000 
0.3500000000  0.0000000000 
0.3600000000  0.0000000000 
0.3700000000  0.0000000000 
0.3800000000  0.0000000000 
0.3900000000  0.0000000000 
0.4000000000  0.0000000000 
0.4100000000  0.0000000000 
0.4200000000  0.0000000000 
0.4300000000  0.0000000000 
0.4400000000  0.0000000000 
0.4500000000  0.0000000000 
0.4600000000  0.0000000000 
0.4700000000  0.0000000000 
0.4800000000  0.0000000000 
0.4900000000  0.0000000000 
0.5000000000  0.0000000000 
0.5100000000  0.1074079457 
0.5200000000  0.2106208125 
0.5300000000  0.3098024495 
0.5400000000  0.4051103062 
0.5500000000  0.4966956825 
0.5600000000  0.5847039690 
0.5700000000  0.6692748775 
0.5800000000  0.7505426633 
0.5900000000  0.8286363379 
0.6000000000  0.9036798738 
0.6100000000  0.9757924017 
0.6200000000  1.0450883993 
0.6300000000  1.1116778730 
0.6400000000  1.1756665326 
0.6500000000  1.2371559594 
0.6600000000  1.2962437668 
0.6700000000  1.3530237561 
0.6800000000  1.4075860647 
0.6900000000  1.4600173094 
0.7000000000  1.5104007242 
0.7100000000  1.5588162921 
0.7200000000  1.6053408721 
0.7300000000  1.6500483213 
0.7400000000  1.6930096123 
0.7500000000  1.7342929454 
0.7600000000  1.7739638575 
0.7700000000  1.8120853255 
0.7800000000  1.8487178667 
0.7900000000  1.8839196349 
0.8000000000  1.9177465123 
0.8100000000  1.9502521986 
0.8200000000  1.9814882962 
0.8300000000  2.0115043919 
0.8400000000  2.0403481360 
0.8500000000  2.0680653174 
0.8600000000  2.0946999368 
0.8700000000  2.1202942763 
0.8800000000  2.1448889665 
0.8900000000  2.1685230513 
0.9000000000  2.1912340493 
0.9100000000  2.2130580139 
0.9200000000  2.2340295906 
0.9300000000  2.2541820712 
0.9400000000  2.2735474476 
0.9500000000  2.2921564621 
0.9600000000  2.3100386562 
0.9700000000  2.3272224177 
0.9800000000  2.3437350256 
0.9900000000  2.3596026933 
1.0000000000  2.3748506107 
1.0100000000  2.2820950378 
1.0200000000  2.1929622597 
1.0300000000  2.1073107792 
1.0400000000  2.0250046259 
1.0500000000  1.9459131397 
1.0600000000  1.8699107642 
1.0700000000  1.7968768464 
1.0800000000  1.7266954462 
1.0900000000  1.6592551514 
1.1000000000  1.5944489015 
1.1100000000  1.5321738175 
1.1200000000  1.4723310386 
1.1300000000  1.4148255650 
1.1400000000  1.3595661078 
1.1500000000  1.3064649432 
1.1600000000  1.2554377739 
1.1700000000  1.2064035949 
1.1800000000  1.1592845651 
1.1900000000  1.1140058838 
1.2000000000  1.0704956717 
1.2100000000  1.0286848568 
1.2200000000  0.9885070651 
1.2300000000  0.9498985148 
1.2400000000  0.9127979155 
1.2500000000  0.8771463705 
1.2600000000  0.8428872833 
1.2700000000  0.8099662682 
1.2800000000  0.7783310635 
1.2900000000  0.7479314487 
1.3000000000  0.7187191649 
1.3100000000  0.6906478380 
1.3200000000  0.6636729051 
1.3300000000  0.6377515439 
1.3400000000  0.6128426046 
1.3500000000  0.5889065445 
1.3600000000  0.5659053656 
1.3700000000  0.5438025536 
1.3800000000  0.5225630209 
1.3900000000  0.5021530497 
1.4000000000  0.4825402398 
1.4100000000  0.4636934558 
1.4200000000  0.4455827789 
1.4300000000  0.4281794586 
1.4400000000  0.4114558673 
1.4500000000  0.3953854566 
1.4600000000  0.3799427149 
1.4700000000  0.3651031271 
1.4800000000  0.3508431355 
1.4900000000  0.3371401026 
1.5000000000  0.3239722750 
1.5100000000  0.3113187490 
1.5200000000  0.2991594373 
1.5300000000  0.2874750371 
1.5400000000  0.2762469996 
1.5500000000  0.2654575004 
1.5600000000  0.2550894114 
1.5700000000  0.2451262733 
1.5800000000  0.2355522699 
1.5900000000  0.2263522025 
1.6000000000  0.2175114661 
1.6100000000  0.2090160262 
1.6200000000  0.2008523964 
1.6300000000  0.1930076170 
1.6400000000  0.1854692346 
1.6500000000  0.1782252820 
1.6600000000  0.1712642597 
1.6700000000  0.1645751171 
1.6800000000  0.1581472352 
1.6900000000  0.1519704098 
1.7000000000  0.1460348355 
1.7100000000  0.1403310894 
1.7200000000  0.1348501170 
1.7300000000  0.1295832174 
1.7400000000  0.1245220293 
1.7500000000  0.1196585183 
1.7600000000  0.2223929092 
1.7700000000  0.3211147583 
1.7800000000  0.4159807852 
1.7900000000  0.5071415885 
1.8000000000  0.5947418847 
1.8100000000  0.6789207380 
1.8200000000  0.7598117812 
1.8300000000  0.8375434278 
1.8400000000  0.9122390756 
1.8500000000  0.9840173031 
1.8600000000  1.0529920571 
1.8700000000  1.1192728342 
1.8800000000  1.1829648541 
1.8900000000  1.2441692272 
1.9000000000  1.3029831144 
1.9100000000  1.3594998820 
1.9200000000  1.4138092497 
1.9300000000  1.4659974328 
1.9400000000  1.5161472793 
1.9500000000  1.5643384015 
1.9600000000  1.6106473021 
1.9700000000  1.6551474958 
1.9800000000  1.6979096261 
1.9900000000  1.7390015773 
2.0000000000  1.7784885822 
2.0100000000  1.8164333261 
2.0200000000  1.8528960456 
2.0300000000  1.8879346248 
2.0400000000  1.9216046869 
2.0500000000  1.9539596829 
2.0600000000  1.9850509756 
2.0700000000  2.0149279223 
2.0800000000  2.0436379520 
2.0900000000  2.0712266416 
2.1000000000  2.0977377878 
2.1100000000  2.1232134766 
2.1200000000  2.1476941504 
2.1300000000  2.1712186719 
2.1400000000  2.1938243858 
2.1500000000  2.2155471786 
2.1600000000  2.2364215348 
2.1700000000  2.2564805923 
2.1800000000  2.2757561943 
2.1900000000  2.2942789409 
2.2000000000  2.3120782364 
2.2100000000  2.3291823371 
2.2200000000  2.3456183956 
2.2300000000  2.3614125037 
2.2400000000  2.3765897345 
2.2500000000  2.3911741816 
2.2600000000  2.2977810519 
2.2700000000  2.2080356183 
2.2800000000  2.1217954111 
2.2900000000  2.0389235252 
2.3000000000  1.9592884026 
2.3100000000  1.8827636236 
2.3200000000  1.8092277061 
2.3300000000  1.7385639130 
2.3400000000  1.6706600663 
2.3500000000  1.6054083697 
2.3600000000  1.5427052370 
2.3700000000  1.4824511278 
2.3800000000  1.4245503896 
2.3900000000  1.3689111056 
2.4000000000  1.3154449494 
2.4100000000  1.2640670440 
2.4200000000  1.2146958279 
2.4300000000  1.1672529248 
2.4400000000  1.1216630198 
2.4500000000  1.0778537396 
2.4600000000  1.0357555374 
2.4700000000  0.9953015830 
2.4800000000  0.9564276564 
2.4900000000  0.9190720455 
2.5000000000  0.8831754491 
2.5100000000  0.8486808816 
2.5200000000  0.8155335834 
2.5300000000  0.7836809336 
2.5400000000  0.7530723666 
2.5500000000  0.7236592918 
2.5600000000  0.6953950162 
2.5700000000  0.6682346707 
2.5800000000  0.6421351386 
2.5900000000  0.6170549873 
2.6000000000  0.5929544024 
2.6100000000  0.5697951245 
2.6200000000  0.5475403886 
2.6300000000  0.5261548655 
2.6400000000  0.5056046062 
2.6500000000  0.4858569873 
2.6600000000  0.4668806597 
2.6700000000  0.4486454987 
2.6800000000  0.4311225564 
2.6900000000  0.4142840153 
2.7000000000  0.3981031444 
2.7100000000  0.3825542568 
2.7200000000  0.3676126688 
2.7300000000  0.3532546610 
2.7400000000  0.3394574401 
2.7500000000  0.3261991033 
2.7600000000  0.3134586031 
2.7700000000  0.3012157141 
2.7800000000  0.2894510010 
2.7900000000  0.2781457874 
2.8000000000  0.2672821265 
2.8100000000  0.2568427722 
2.8200000000  0.2468111524 
2.8300000000  0.2371713419 
2.8400000000  0.2279080377 
2.8500000000  0.2190065344 
2.8600000000  0.2104527009 
2.8700000000  0.2022329583 
2.8800000000  0.1943342577 
2.8900000000  0.1867440601 
2.9000000000  0.1794503162 
2.9100000000  0.1724414471 
2.9200000000  0.1657063266 
2.9300000000  0.1592342625 
2.9400000000  0.1530149807 
2.9500000000  0.1470386081 
2.9600000000  0.1412956572 
2.9700000000  0.1357770113 
2.9800000000  0.1304739095 
2.9900000000  0.1253779333 
3.0000000000  0.1204809929 
3.0100000000  0.2231832600 
3.0200000000  0.3218742401 
3.0300000000  0.4167106036 
3.0400000000  0.5078429021 
3.0500000000  0.5954158067 
3.0600000000  0.6795683383 
3.0700000000  0.7604340879 
3.0800000000  0.8381414288 
3.0900000000  0.9128137203 
3.1000000000  0.9845695036 
3.1100000000  1.0535226901 
3.1200000000  1.1197827420 
3.1300000000  1.1834548463 
3.1400000000  1.2446400814 
3.1500000000  1.3034355783 
3.1600000000  1.3599346739 
3.1700000000  1.4142270597 
3.1800000000  1.4663989242 
3.1900000000  1.5165330895 
3.2000000000  1.5647091429 
3.2100000000  1.6110035633 
3.2200000000  1.6554898424 
3.2300000000  1.6982386015 
3.2400000000  1.7393177037 
3.2500000000  1.7787923616 
3.2600000000  1.8167252406 
3.2700000000  1.8531765586 
3.2800000000  1.8882041817 
3.2900000000  1.9218637157 
3.3000000000  1.9542085946 
3.3100000000  1.9852901655 
3.3200000000  2.0151577700 
3.3300000000  2.0438588225 
3.3400000000  2.0714388855 
3.3500000000  2.0979417420 
3.3600000000  2.1234094649 
3.3700000000  2.1478824838 
3.3800000000  2.1713996495 
3.3900000000  2.1939982949 
3.4000000000  2.2157142953 
3.4100000000  2.2365821243 
3.4200000000  2.2566349095 
3.4300000000  2.2759044844 
3.4400000000  2.2944214391 
3.4500000000  2.3122151690 
3.4600000000  2.3293139215 
3.4700000000  2.3457448406 
3.4800000000  2.3615340101 
3.4900000000  2.3767064952 
3.5000000000  2.3912863819 
3.5100000000  2.2978888700 
3.5200000000  2.2081392253 
3.5300000000  2.1218949715 
3.5400000000  2.0390191970 
3.5500000000  1.9593803377 
3.5600000000  1.8828519679 
3.5700000000  1.8093125999 
3.5800000000  1.7386454911 
3.5900000000  1.6707384582 
3.6000000000  1.6054836998 
3.6100000000  1.5427776249 
3.6200000000  1.4825206884 
3.6300000000  1.4246172333 
3.6400000000  1.3689753386 
3.6500000000  1.3155066736 
3.6600000000  1.2641263575 
3.6700000000  1.2147528247 
3.6800000000  1.1673076954 
3.6900000000  1.1217156512 
3.7000000000  1.0779043153 
3.7100000000  1.0358041378 
3.7200000000  0.9953482853 
3.7300000000  0.9564725345 
3.7400000000  0.9191151709 
3.7500000000  0.8832168900 
3.7600000000  0.8487207039 
3.7700000000  0.8155718504 
3.7800000000  0.7837177060 
3.7900000000  0.7531077028 
3.8000000000  0.7236932478 
3.8100000000  0.6954276460 
3.8200000000  0.6682660261 
3.8300000000  0.6421652693 
3.8400000000  0.6170839412 
3.8500000000  0.5929822254 
3.8600000000  0.5698218608 
3.8700000000  0.5475660806 
3.8800000000  0.5261795541 
3.8900000000  0.5056283305 
3.9000000000  0.4858797850 
3.9100000000  0.4669025670 
3.9200000000  0.4486665504 
3.9300000000  0.4311427859 
3.9400000000  0.4143034546 
3.9500000000  0.3981218244 
3.9600000000  0.3825722073 
3.9700000000  0.3676299182 
3.9800000000  0.3532712367 
3.9900000000  0.3394733684 
4.0000000000  0.3262144094 
4.0100000000  0.3134733114 
4.0200000000  0.3012298480 
4.0300000000  0.2894645828 
4.0400000000  0.2781588388 
4.0500000000  0.2672946681 
4.0600000000  0.2568548240 
4.0700000000  0.2468227335 
4.0800000000  0.2371824706 
4.0900000000  0.2279187318 
4.1000000000  0.2190168108 
4.1100000000  0.2104625759 
4.1200000000  0.2022424476 
4.1300000000  0.1943433764 
4.1400000000  0.1867528227 
4.1500000000  0.1794587365 
4.1600000000  0.1724495386 
4.1700000000  0.1657141020 
4.1800000000  0.1592417342 
4.1900000000  0.1530221606 
4.2000000000  0.1470455075 
4.2100000000  0.1413022872 
4.2200000000  0.1357833823 
4.2300000000  0.1304800317 
4.2400000000  0.1253838164 
4.2500000000  0.1204866462 
4.2600000000  0.2231886925 
4.2700000000  0.3218794604 
4.2800000000  0.4167156200 
4.2900000000  0.5078477225 
4.3000000000  0.5954204389 
4.3100000000  0.6795727896 
4.3200000000  0.7604383654 
4.3300000000  0.8381455392 
4.3400000000  0.9128176701 
4.3500000000  0.9845732992 
4.3600000000  1.0535263374 
4.3700000000  1.1197862469 
4.3800000000  1.1834582142 
4.3900000000  1.2446433179 
4.4000000000  1.3034386883 
4.4100000000  1.3599376624 
4.4200000000  1.4142299315 
4.4300000000  1.4664016839 
4.4400000000  1.5165357414 
4.4500000000  1.5647116912 
4.4600000000  1.6110060121 
4.4700000000  1.6554921955 
4.4800000000  1.6982408627 
4.4900000000  1.7393198766 
4.5000000000  1.7787944496 
4.5100000000  1.8167272471 
4.5200000000  1.8531784868 
4.5300000000  1.8882060345 
4.5400000000  1.9218654961 
4.5500000000  1.9542103055 
4.5600000000  1.9852918096 
4.5700000000  2.0151593499 
4.5800000000  2.0438603407 
4.5900000000  2.0714403444 
4.6000000000  2.0979431439 
4.6100000000  2.1234108120 
4.6200000000  2.1478837784 
4.6300000000  2.1714008934 
4.6400000000  2.1939994903 
4.6500000000  2.2157154440 
4.6600000000  2.2365832282 
4.6700000000  2.2566359702 
4.6800000000  2.2759055037 
4.6900000000  2.2944224185 
4.7000000000  2.3122161102 
4.7100000000  2.3293148259 
4.7200000000  2.3457457097 
4.7300000000  2.3615348453 
4.7400000000  2.3767072977 
4.7500000000  2.3912871531 
4.7600000000  2.2978896111 
4.7700000000  2.2081399374 
4.7800000000  2.1218956558 
4.7900000000  2.0390198546 
4.8000000000  1.9593809696 
4.8100000000  1.8828525751 
4.8200000000  1.8093131835 
4.8300000000  1.7386460518 
4.8400000000  1.6707389970 
4.8500000000  1.6054842176 
4.8600000000  1.5427781224 
4.8700000000  1.4825211665 
4.8800000000  1.4246176927 
4.8900000000  1.3689757801 
4.9000000000  1.3155070978 
4.9100000000  1.2641267651 
4.9200000000  1.2147532164 
4.9300000000  1.1673080719 
4.9400000000  1.1217160130 
4.9500000000  1.0779046630 
4.9600000000  1.0358044719 
4.9700000000  0.9953486063 
4.9800000000  0.9564728430 
4.9900000000  0.9191154673 
5.0000000000  0.8832171749
